3.091984748840332
3.0647871494293213
3.0378987789154053
3.011141777038574
2.984485626220703
2.957920789718628
2.931443691253662
2.905055046081543
2.8787548542022705
2.8525452613830566
2.8264284133911133
2.800405502319336
2.774482011795044
2.7486572265625
2.722935676574707
2.697319746017456
2.6718084812164307
2.646399974822998
2.6211061477661133
2.5959296226501465
2.570873975753784
2.54594087600708
2.521134853363037
2.49645733833313
2.471912384033203
2.447502374649048
2.423229217529297
2.3990960121154785
2.375105857849121
2.351259231567383
2.3275606632232666
2.304011583328247
2.2806131839752197
2.2573695182800293
2.234281539916992
2.211351156234741
2.1885809898376465
2.1659719944000244
2.143527030944824
2.121246576309204
2.099133253097534
2.077188491821289
2.055412769317627
2.033808946609497
2.0123772621154785
1.9911195039749146
1.9700366258621216
1.9491291046142578
1.9283984899520874
1.9078463315963745
1.8874725103378296
1.8672785758972168
1.847264051437378
1.8274304866790771
1.8077784776687622
1.7883083820343018
1.7690205574035645
1.7499150037765503
1.7309919595718384
1.7122523784637451
1.6936960220336914
1.6753226518630981
1.6571329832077026
1.6391263008117676
1.6212881803512573
1.603626012802124
1.586145043373108
1.5688447952270508
1.5517252683639526
1.5347862243652344
1.518027424812317
1.5014489889144897
1.4850493669509888
1.4688292741775513
1.4527875185012817
1.4369240999221802
1.4212380647659302
1.4057281017303467
1.3903940916061401
1.3752354383468628
1.360251545906067
1.3454405069351196
1.3308025598526
1.3163355588912964
1.3020391464233398
1.287912368774414
1.2739542722702026
1.2601633071899414
1.2465386390686035
1.2330787181854248
1.2197834253311157
1.2066502571105957
1.1936787366867065
1.180867075920105
1.1682145595550537
1.1557198762893677
1.1433809995651245
1.1311979293823242
1.1191680431365967
1.107290267944336
1.095563530921936
1.0839859247207642
1.072556734085083
1.0612744092941284
1.0501370429992676
1.0391440391540527
1.0282927751541138
1.017582654953003
1.0070120096206665
0.9965795278549194
0.9862837195396423
0.9761223793029785
0.9660952091217041
0.9561999440193176
0.9464352130889893
0.9368003010749817
0.9272929430007935
0.9179115891456604
0.908655047416687
0.8995219469070435
0.8905104398727417
0.8816198110580444
0.8728476762771606
0.864193320274353
0.8556550741195679
0.8472310900688171
0.8389206528663635
0.8307214379310608
0.8226324915885925
0.814652681350708
0.8067803978919983
0.7990139722824097
0.7913521528244019
0.7837934494018555
0.7763367891311646
0.7689804434776306
0.761723518371582
0.7545642852783203
0.7475014328956604
0.7405340671539307
0.7336601614952087
0.7268787026405334
0.720188558101654
0.7135882377624512
0.7070763111114502
0.7006521821022034
0.6943140029907227
0.6880609393119812
0.6818912029266357
0.6758040189743042
0.6697983741760254
0.663872480392456
0.6580256819725037
0.6522565484046936
0.6465643644332886
0.6409472227096558
0.6354048252105713
0.629935622215271
0.6245386600494385
0.6192126274108887
0.6139569282531738
0.6087702512741089
0.6036515831947327
0.5985997915267944
0.5936139225959778
0.5886930823326111
0.5838361382484436
0.5790424346923828
0.5743111371994019
0.5696409940719604
0.5650305151939392
0.5604802370071411
0.5559878349304199
0.5515531897544861
0.5471752882003784
0.542853057384491
0.5385861992835999
0.5343733429908752
0.5302139520645142
0.5261070728302002
0.5220521688461304
0.5180482268333435
0.5140950083732605
0.5101906061172485
0.5063353776931763
0.502528190612793
0.49876824021339417
0.4950546622276306
0.49138757586479187
0.48776572942733765
0.48418790102005005
0.4806544780731201
0.4771641194820404
0.4737164378166199
0.4703107178211212
0.4669461250305176
0.463623046875
0.46033933758735657
0.4570961594581604
0.45389142632484436
0.450725257396698
0.4475971758365631
0.4445062577724457
0.44145238399505615
0.4384347200393677
0.43545278906822205
0.432506263256073
0.4295942783355713
0.426716685295105
0.4238729774951935
0.4210624694824219
0.4182848632335663
0.4155395030975342
0.41282591223716736
0.41014373302459717
0.40749290585517883
0.40487194061279297
0.4022817313671112
0.3997209966182709
0.39718958735466003
0.3946872055530548
0.39221298694610596
0.38976672291755676
0.3873482346534729
0.38495710492134094
0.3825928270816803
0.38025522232055664
0.377943754196167
0.37565797567367554
0.37339794635772705
0.3711623549461365
0.3689519166946411
0.3667660355567932
0.3646044433116913
0.36246615648269653
0.36035144329071045
0.3582596182823181
0.3561907708644867
0.3541446030139923
0.3521202504634857
0.35011789202690125
0.34813717007637024
0.34617775678634644
0.3442392647266388
0.3423216938972473
0.3404245674610138
0.33854761719703674
0.3366902768611908
0.33485281467437744
0.333034873008728
0.3312359154224396
0.3294559419155121
0.32769426703453064
0.3259514570236206
0.32422634959220886
0.32251954078674316
0.3208301365375519
0.3191584348678589
0.3175038695335388
0.3158661425113678
0.3142452538013458
0.3126412034034729
0.31105315685272217
0.30948153138160706
0.30792561173439026
0.30638566613197327
0.30486106872558594
0.30335184931755066
0.3018578886985779
0.30037906765937805
0.29891446232795715
0.2974652051925659
0.2960297167301178
0.29460886120796204
0.29320207238197327
0.2918088138103485
0.2904295027256012
0.28906381130218506
0.2877114713191986
0.28637242317199707
0.2850462794303894
0.2837330102920532
0.2824327349662781
0.2811449468135834
0.27986940741539
0.278606653213501
0.27735573053359985
0.27611690759658813
0.27488991618156433
0.27367496490478516
0.2724713683128357
0.2712792158126831
0.27009859681129456
0.26892921328544617
0.2677704691886902
0.26662328839302063
0.2654866576194763
0.264360636472702
0.2632454037666321
0.2621408700942993
0.2610464096069336
0.25996237993240356
0.25888821482658386
0.2578246593475342
0.25677046179771423
0.2557263672351837
0.2546919882297516
0.25366729497909546
0.2526519000530243
0.25164586305618286
0.2506493628025055
0.24966205656528473
0.24868394434452057
0.24771453440189362
0.24675430357456207
0.2458028793334961
0.2448601871728897
0.24392610788345337
0.24300067126750946
0.24208378791809082
0.24117524921894073
0.24027495086193085
0.23938296735286713
0.23849917948246002
0.23762330412864685
0.2367556393146515
0.23589594662189484
0.23504377901554108
0.23419950902462006
0.2333630472421646
0.2325340211391449
0.23171260952949524
0.23089873790740967
0.23009221255779266
0.22929291427135468
0.22850072383880615
0.22771604359149933
0.22693850100040436
0.226167693734169
0.2254040539264679
0.22464729845523834
0.2238973081111908
0.22315393388271332
0.22241777181625366
0.2216881662607193
0.2209649384021759
0.22024810314178467
0.21953798830509186
0.21883423626422882
0.21813678741455078
0.21744580566883087
0.21676091849803925
0.21608205139636993
0.2154095321893692
0.21474318206310272
0.21408239006996155
0.21342779695987701
0.21277925372123718
0.2121364176273346
0.2114993780851364
0.21086794137954712
0.21024233102798462
0.20962229371070862
0.20900799334049225
0.20839883387088776
0.20779530704021454
0.207197368144989
0.20660467445850372
0.20601704716682434
0.20543502271175385
0.20485815405845642
0.20428642630577087
0.20371969044208527
0.2031581997871399
0.20260167121887207
0.2020498663187027
0.2015034258365631
0.2009616196155548
0.20042462646961212
0.19989250600337982
0.19936503469944
0.19884248077869415
0.19832417368888855
0.19781075417995453
0.19730184972286224
0.1967971920967102
0.19629709422588348
0.19580145180225372
0.1953103244304657
0.19482335448265076
0.19434070587158203
0.19386234879493713
0.1933881640434265
0.1929180920124054
0.19245196878910065
0.19199003279209137
0.1915319859981537
0.19107815623283386
0.19062797725200653
0.19018207490444183
0.18973974883556366
0.18930093944072723
0.18886616826057434
0.18843510746955872
0.18800762295722961
0.18758384883403778
0.18716375529766083
0.1867465376853943
0.18633019924163818
0.18591555953025818
0.18550294637680054
0.18509232997894287
0.18468372523784637
0.18427774310112
0.18387378752231598
0.18347251415252686
0.18307366967201233
0.18267758190631866
0.18228380382061005
0.18189261853694916
0.1815042793750763
0.18111860752105713
0.1807355284690857
0.1803549975156784
0.17997731268405914
0.17960211634635925
0.1792297512292862
0.17886026203632355
0.17849311232566833
0.1781286597251892
0.17776688933372498
0.17740780115127563
0.17705130577087402
0.17669719457626343
0.1763458102941513
0.1759968400001526
0.1756504625082016
0.17530645430088043
0.1749648004770279
0.17462556064128876
0.1742887645959854
0.17395427823066711
0.17362214624881744
0.17329220473766327
0.1729646772146225
0.17263926565647125
0.17231591045856476
0.17199485003948212
0.17167571187019348
0.17135891318321228
0.17104396224021912
0.1707313358783722
0.17042040824890137
0.17011167109012604
0.1698046177625656
0.16949965059757233
0.16919632256031036
0.16889512538909912
0.16859553754329681
0.1682976633310318
0.1680019497871399
0.1677076518535614
0.16741511225700378
0.16712422668933868
0.1668349951505661
0.1665472388267517
0.16626116633415222
0.16597679257392883
0.16569389402866364
0.16541247069835663
0.16513244807720184
0.16485396027565002
0.1645769625902176
0.16430136561393738
0.16402722895145416
0.16375447809696198
0.16348274052143097
0.16321265697479248
0.16294386982917786
0.16267628967761993
0.16241002082824707
0.16214489936828613
0.16188117861747742
0.1616189330816269
0.16135740280151367
0.16109728813171387
0.16083838045597076
0.16058045625686646
0.16032366454601288
0.16006802022457123
0.15981359779834747
0.1595601588487625
0.15930792689323425
0.15905670821666718
0.15880629420280457
0.15855726599693298
0.15830907225608826
0.15806187689304352
0.15781569480895996
0.15757042169570923
0.15732619166374207
0.1570829302072525
0.15684065222740173
0.15659938752651215
0.15635880827903748
0.15611940622329712
0.15588077902793884
0.15564313530921936
0.15540628135204315
0.15517021715641022
0.15493516623973846
0.15470090508460999
0.15446744859218597
0.15423496067523956
0.1540033221244812
0.1537725329399109
0.15354236960411072
0.15331314504146576
0.1530846506357193
0.15285688638687134
0.1526300013065338
0.15240418910980225
0.15217871963977814
0.15195408463478088
0.15173041820526123
0.15150752663612366
0.151285320520401
0.1510637104511261
0.15084286034107208
0.15062305331230164
0.15040357410907745
0.15018516778945923
0.14996713399887085
0.14975003898143768
0.14953359961509705
0.1493179053068161
0.14910297095775604
0.14888864755630493
0.1486750841140747
0.148462176322937
0.14824974536895752
0.14803841710090637
0.14782746136188507
0.14761745929718018
0.14740782976150513
0.14719903469085693
0.14699076116085052
0.14678344130516052
0.14657652378082275
0.14637026190757751
0.14616477489471436
0.1459599733352661
0.14575569331645966
0.1455521583557129
0.14534933865070343
0.1451469510793686
0.14494535326957703
0.14474430680274963
0.14454394578933716
0.14434431493282318
0.14414513111114502
0.14394687116146088
0.14374899864196777
0.14355185627937317
0.14335530996322632
0.14315950870513916
0.14296410977840424
0.14276953041553497
0.1425754874944687
0.14238207042217255
0.14218930900096893
0.14199727773666382
0.14180566370487213
0.14161476492881775
0.14142462611198425
0.14123478531837463
0.14104580879211426
0.14085742831230164
0.1406695693731308
0.14048238098621368
0.14029571413993835
0.14010995626449585
0.13992434740066528
0.1397397667169571
0.1395556926727295
0.13937222957611084
0.13918939232826233
0.13900718092918396
0.1388256996870041
0.13864457607269287
0.13846413791179657
0.1382843554019928
0.138105109333992
0.13792677223682404
0.1377486288547516
0.13757134974002838
0.1373947411775589
0.1372186839580536
0.13704314827919006
0.13686834275722504
0.13669417798519135
0.13652054965496063
0.13634753227233887
0.13617515563964844
0.13600343465805054
0.13583210110664368
0.13566166162490845
0.1354917734861374
0.1353224217891693
0.1351538747549057
0.13498583436012268
0.13481839001178741
0.13465146720409393
0.13448531925678253
0.13431967794895172
0.13415482640266418
0.1339905858039856
0.13382691144943237
0.13366375863552094
0.13350120186805725
0.13333937525749207
0.13317818939685822
0.13301731646060944
0.13285741209983826
0.13269798457622528
0.13253924250602722
0.13238118588924408
0.1322236806154251
0.13206681609153748
0.13191039860248566
0.13175465166568756
0.13159970939159393
0.1314452737569809
0.13129141926765442
0.13113820552825928
0.13098563253879547
0.1308334916830063
0.13068217039108276
0.1305314302444458
0.13038131594657898
0.13023167848587036
0.13008277118206024
0.1299344301223755
0.12978671491146088
0.12963968515396118
0.1294931322336197
0.12934724986553192
0.12920182943344116
0.1290571689605713
0.12891295552253723
0.1287696212530136
0.12862657010555267
0.12848421931266785
0.12834247946739197
0.12820130586624146
0.12806078791618347
0.1279209405183792
0.12778152525424957
0.12764272093772888
0.12750446796417236
0.1273667812347412
0.12722989916801453
0.12709321081638336
0.12695735692977905
0.12682205438613892
0.12668712437152863
0.12655286490917206
0.12641924619674683
0.12628620862960815
0.12615349888801575
0.1260215938091278
0.1258900761604309
0.12575915455818176
0.12562872469425201
0.12549901008605957
0.1253696233034134
0.12524081766605377
0.12511271238327026
0.12498489022254944
0.12485750764608383
0.12473088502883911
0.12460483610630035
0.12447900325059891
0.12435393035411835
0.12422922998666763
0.12410503625869751
0.12398118525743484
0.12385804951190948
0.1237354502081871
0.12361316382884979
0.12349136918783188
0.12337007373571396
0.12324926257133484
0.12312903255224228
0.1230090856552124
0.12288966029882431
0.12277061492204666
0.12265204638242722
0.12253399938344955
0.12241633981466293
0.12229913473129272
0.12218225747346878
0.12206602841615677
0.12194997817277908
0.12183449417352676
0.12171930074691772
0.1216045618057251
0.12149031460285187
0.12137642502784729
0.12126297503709793
0.12114977836608887
0.12103693932294846
0.12092459201812744
0.12081271409988403
0.12070096284151077
0.12058965116739273
0.1204787865281105
0.12036845833063126
0.12025809288024902
0.12014824897050858
0.12003883719444275
0.11992965638637543
0.11982091516256332
0.11971240490674973
0.11960426717996597
0.11949656158685684
0.11938916146755219
0.1192818358540535
0.11917496472597122
0.11906848847866058
0.11896238476037979
0.11885665357112885
0.11875084787607193
0.11864585429430008
0.1185406967997551
0.11843596398830414
0.11833158135414124
0.11822764575481415
0.11812376976013184
0.1180202066898346
0.11791697889566422
0.11781395226716995
0.11771136522293091
0.1176089346408844
0.11750683188438416
0.11740495264530182
0.11730346828699112
0.117202028632164
0.11710095405578613
0.11700029671192169
0.11689967662096024
0.11679954081773758
0.11669954657554626
0.11659963428974152
0.11650022119283676
0.11640100926160812
0.11630203574895859
0.11620322614908218
0.11610476672649384
0.11600661277770996
0.11590872704982758
0.11581096053123474
0.11571354418992996
0.11561626940965652
0.11551938205957413
0.11542258411645889
0.11532613635063171
0.11522982269525528
0.11513397842645645
0.11503810435533524
0.11494284123182297
0.11484739929437637
0.11475244164466858
0.11465776711702347
0.11456321179866791
0.11446898430585861
0.11437495052814484
0.11428118497133255
0.11418762803077698
0.11409441381692886
0.1140013262629509
0.11390849202871323
0.11381588876247406
0.11372364312410355
0.11363174766302109
0.11353988200426102
0.11344832181930542
0.11335700005292892
0.11326590925455093
0.11317506432533264
0.11308445781469345
0.11299435794353485
0.1129041388630867
0.11281432211399078
0.11272474378347397
0.11263564229011536
0.11254644393920898
0.11245779693126678
0.11236925423145294
0.11228102445602417
0.11219298839569092
0.11210516840219498
0.11201784014701843
0.1119304969906807
0.11184357106685638
0.11175688356161118
0.11167038977146149
0.11158435046672821
0.11149834841489792
0.11141269654035568
0.11132735013961792
0.11124233901500702
0.11115753650665283
0.11107302457094193
0.11098889261484146
0.1109047681093216
0.11082105338573456
0.11073773354291916
0.1106545478105545
0.11057167500257492
0.11048905551433563
0.11040674149990082
0.11032474786043167
0.1102430671453476
0.11016162484884262
0.11008051782846451
0.10999949276447296
0.10991895198822021
0.10983856767416
0.10975872725248337
0.10967894643545151
0.10959957540035248
0.10952046513557434
0.1094416007399559
0.10936304926872253
0.10928499698638916
0.10920700430870056
0.10912944376468658
0.1090521290898323
0.10897525399923325
0.10889840126037598
0.10882214456796646
0.10874606668949127
0.10867033898830414
0.1085948646068573
0.10851968824863434
0.10844481736421585
0.10837037861347198
0.10829605907201767
0.10822226852178574
0.10814858973026276
0.10807546228170395
0.10800258070230484
0.10792993754148483
0.10785773396492004
0.10778578370809555
0.10771410912275314
0.10764288157224655
0.10757191479206085
0.10750127583742142
0.10743106156587601
0.10736116766929626
0.10729146003723145
0.10722211003303528
0.10715322941541672
0.10708463191986084
0.10701636224985123
0.10694845020771027
0.10688087344169617
0.10681360214948654
0.10674665868282318
0.10668016225099564
0.10661394894123077
0.1065479964017868
0.10648258775472641
0.10641742497682571
0.1063527837395668
0.10628819465637207
0.10622410476207733
0.10616027563810349
0.10609684139490128
0.10603395104408264
0.10597126930952072
0.10590899735689163
0.10584709793329239
0.10578549653291702
0.10572429746389389
0.10566333681344986
0.1056029200553894
0.105542853474617
0.10548307746648788
0.10542359203100204
0.10536475479602814
0.10530606657266617
0.10524777323007584
0.10518984496593475
0.10513241589069366
0.10507531464099884
0.1050185039639473
0.10496211796998978
0.10490613430738449
0.10485055297613144
0.10479532182216644
0.10474048554897308
0.10468605905771255
0.10463202744722366
0.10457827895879745
0.10452494770288467
0.10447206348180771
0.10441945493221283
0.10436739772558212
0.10431568324565887
0.10426437109708786
0.10421332716941833
0.10416287928819656
0.10411268472671509
0.10406291484832764
0.10401352494955063
0.1039646565914154
0.10391603410243988
0.10386791825294495
0.10382023453712463
0.1037728413939476
0.10372592508792877
0.10367929190397263
0.10363319516181946
0.10358745604753494
0.10354209691286087
0.10349715501070023
0.10345269739627838
0.10340866446495056
0.10336481034755707
0.10332166403532028
0.10327865928411484
0.10323630273342133
0.10319419205188751
0.10315258055925369
0.10311122238636017
0.103070467710495
0.10303005576133728
0.10299010574817657
0.1029503345489502
0.10291124135255814
0.10287243127822876
0.10283413529396057
0.10279612243175507
0.10275857895612717
0.10272140055894852
0.10268469899892807
0.10264821350574493
0.10261242836713791
0.10257679224014282
0.10254174470901489
0.10250693559646606
0.10247272998094559
0.10243874043226242
0.10240529477596283
0.10237224400043488
0.10233941674232483
0.10230713337659836
0.10227519273757935
0.102243572473526
0.10221250355243683
0.1021817997097969
0.10215142369270325
0.10212145745754242
0.10209181904792786
0.10206267237663269
0.10203388333320618
0.10200545936822891
0.10197731107473373
0.10194963961839676
0.10192232578992844
0.10189525038003922
0.10186861455440521
0.10184246301651001
0.10181649029254913
0.10179106146097183
0.1017657220363617
0.10174084454774857
0.1017163023352623
0.10169217735528946
0.10166853666305542
0.1016448512673378
0.10162173211574554
0.10159888118505478
0.10157635807991028
0.10155414789915085
0.10153211653232574
0.10151058435440063
0.10148917138576508
0.10146816074848175
0.10144755244255066
0.10142700374126434
0.10140688717365265
0.10138692706823349
0.10136735439300537
0.10134798288345337
0.10132879763841629
0.10131000727415085
